0.181 0.337
-0.742 1.558
-0.226 0.289
0.901 -0.532
0.193 1.439
1.664 0.886
1.096 -0.582
-0.627 -0.009
2.048 1.552
1.708 -0.41
0.142 1.027
0.828 0.747
-0.433 -1.005
0.841 -0.524
-0.683 0.463
2.84 -0.47
0.76 -0.535
2.078 0.685
1.452 2.378
1.41 -0.159
0.762 1.69
-0.667 0.127
0.983 1.531
-0.396 -1.274
0.928 1.599
-0.491 -0.018
1.707 0.48
2.416 -0.771
0.452 0.989
-1.32 -0.021
0.361 -1.034
-0.189 1.708
-0.735 0.342
0.119 0.587
0.038 -0.009
1.228 -0.812
2.816 1.905
2.333 -1.13
0.978 1.644
-0.089 -0.67
1.842 0.532
2.284 2.365
-2.198 -1.335
1.967 1.605
0.678 0.812
2.435 -0.869
-0.572 2.55
1.472 1.225
0.483 2.21
-0.106 0.726
